LinkerHeats
ERRFI1 = 3.14878278353e-05
AKT1 = 0.00282359092106
AKT2 = 0.00282359092106
AKT3 = 0.00282359092106
ARAF = 0.00152479876838
RAF = 0.0578745318167
PIK3CA = 1.88831501751e-06
PIK3CB = 9.2439925317e-07
PIK3CG = 5.09590210372e-07
FGFR2 = 0.0163444697424
RAS = 0.00140756885962
CCND-CDK4_complex = 1.31858504437
FGFR1 = 0.0159353151662
BRCA1 = 0.000505808866279
ERBB3 = 0.00154972409238
IGF1R = 0.00275682455789
BRCA2 = 6.10700009586e-05
P16 = 0.00293166207803
apoptosis = 0.000278981711283
PIK3C2B = 5.52062814291e-05
PIK3C2A = 5.61364133274e-05
PIK3C2G = 5.61364133274e-05
BASC = 2.04937726233e-05
MDM2 = 0.331125556556
DNA_repair = 9.10569441414e-05
MDM4 = 0.000278981711283
LPA = 5.63379144707e-05
KRAS = 2.95522470674e-05
PI_3_P = 9.47546727518e-07
FOXO = 11.5522124072
PLCG = 0.00414367836985
CCND1 = 0.0918113949417
CCND2 = 0.0909487308907
PI3K1B = 2.95323973093e-05
PI3K1A = 5.27530763327e-05
PTEN = 8.61523773691e-05
GRB2 = 0.00272815148934
BRCC = 0.00292825690803
CDKN1B = 0.923010448298
HRAS = 2.95522470674e-05
GAB1 = 5.74640079959e-05
TSC2 = 5.63551493014e-05
CCNE1 = 0.000850127408033
RTK = 0.104789309705
PKC = 0.0528378081413
PIK3R3 = 9.2439925317e-07
PIK3R2 = 9.2439925317e-07
NF1 = 2.95522470674e-05
FGFR = 0.446684917729
PI3K2 = 0.00264835537381
G1/S_progression = 4.75175570384e-05
EGFRF = 0.0590226470965
PRKCB1 = 0.0014170311451
TP53 = 0.0104515839163
CDKN2B = 0.00293166207803
CBL = 0.00436635588389
TSC_complex = 0.00265864122333
PDGFRB = 5.70700713732e-05
PDGFRA = 5.70700713732e-05
ATM = 0.000283632074348
AKT = 0.105084745735
SPRY2 = 0.0574414246919
RAF1 = 0.00149522279118
TSC1 = 5.63551493014e-05
CCNE-CDK2_complex = 0.0326519516231
CDKN1A = 1.81097203018
CCND-CDK6_complex = 1.31858504437
SRC = 0.00270211629765
PIP3 = 5.72256086256e-05
cell_migration = 1.40154534225e-08
PIK3R1 = 9.2439925317e-07
EP300 = 0.000278981711283
IRS1 = 5.79527345179e-05
MEK = 0.0359298850177
MET = 0.00281385289315
CDK2 = 0.000850127408033
CDK4 = 0.0471085620661
cell_cycle_progression = 0.614918673169
CDK6 = 0.0471085620661
cell_survival = 0.00282359092106
ERBB2 = 0.00290608546659
CDKN2C = 0.00293166207803
EGFR = 0.00151877467381
MSH6 = 3.53712211315e-07
FOXO3 = 1.81220962309
FOXO1 = 0.613597985666
FOXO4 = 0.633681231937
ERK = 0.108217270471
NRAS = 2.95522470674e-05
RB1 = 0.088128679293
PRKCI = 0.0014170311451
PRKCH = 0.0014170311451
PRKCA = 0.00290608546659
PRKCD = 0.0014170311451
PRKCG = 0.0014170311451
PDGFR = 0.00270169076258
PRKCZ = 0.0014170311451
PRKCQ = 0.0014170311451
E2F1 = 0.00228199411959
INK4 = 0.110137324251
BRAF = 0.00152479876838
ARF = 0.0118086939389
PDPK1 = 0.00276634358053
G2/M_arrest = 0.000688136287463
