LinkerHeats
A = 3.8743661319
C = 3.8743661319
B = 3.8743661319
E = 3.8743661319
D = 71.9163851727
G = 3.8743661319
F = 3.8743661319
